!LandUse: 1=Lakes;	2=Glacier, permanent snow;	3=Sealed urban area;	4=Broad leaved forest;	5=Needle leaved forest;	6=Mixed forest;	7=Agricultural land - rainfed;	8=Agricultural land - irrigated;	9=Agricultural land - Permanent crops;	10=Pastures;	11=Irrigated pastures;	12=Open with veg;	13=Open without veg;	14=Wetland;	15=River
!Soil: 1=Coarse;	2=Medium;	3=Medium-fine to very fine;	4=Organic;	5=No texture, rock, lakes etc;	6=Shallow;	7=Moraine;	8=Shallow for rice							
!Crops: 1=Pasture Irrigated; 2=Pasture Rainfed; 3=Perennial Irrigated; 4=Perennial Rainfed; 5=Rice Irrigated; 6=Seasonal Irrigated Autumn-sown; 7=Seasonal Irrigated Spring-sown; 8=Seasonal Rainfed Autumn-sown; 9=Seasonal Rainfed Spring-sown														
!combination	Landuse	Soiltype	cropid-main	cropid-2nd	rotation	vegetationstyp	special-class	tile-depth	drain-depth	#soil-layers	depth1	depth2	depth3	
1	1	5	0	0	0	1	1	0	2.5	3	0.25	0.75	2.5	
2	1	5	0	0	0	1	2	0	2.5	3	0.25	0.75	2.5	
3	2	5	0	0	0	1	3	0	1	3	0.25	0.5	1	
4	3	5	0	0	0	1	0	0	0.25	2	0.1	0.5		
5	14	5	0	0	0	1	0	0	0.75	3	0.25	0.5	1	
6	15	5	0	0	0	1	0	0	0.75	3	0.25	0.5	1	
7	4	1	11	0	0	1	0	0	2	3	0.25	1	2.5	
8	5	1	11	0	0	1	0	0	2	3	0.25	1	2.5	
9	6	1	11	0	0	1	0	0	2	3	0.25	1	2.5	
10	12	1	0	0	0	1	0	0	1.25	3	0.25	0.75	1.5	
11	13	1	0	0	0	1	0	0	1.25	3	0.25	0.75	1.5	
12	4	2	11	0	0	1	0	0	1.25	3	0.25	0.75	1.5	
13	5	2	11	0	0	1	0	0	1.25	3	0.25	0.75	1.5	
14	6	2	11	0	0	1	0	0	1.25	3	0.25	0.75	1.5	
15	12	2	0	0	0	1	0	0	1.25	3	0.25	0.75	1.5	
16	13	2	0	0	0	1	0	0	1.25	3	0.25	0.75	1.5	
17	4	3	11	0	0	1	0	0	1.25	3	0.25	0.75	1.5	
18	5	3	11	0	0	1	0	0	1.25	3	0.25	0.75	1.5	
19	6	3	11	0	0	1	0	0	1.25	3	0.25	0.75	1.5	
20	12	3	0	0	0	1	0	0	1.25	3	0.25	0.75	1.5	
21	13	3	0	0	0	1	0	0	1.25	3	0.25	0.75	1.5	
22	4	4	11	0	0	1	0	0	1.25	3	0.25	0.75	1.5	
23	5	4	11	0	0	1	0	0	1.25	3	0.25	0.75	1.5	
24	6	4	11	0	0	1	0	0	1.25	3	0.25	0.75	1.5	
25	12	4	0	0	0	1	0	0	1.25	3	0.25	0.75	1.5	
26	13	4	0	0	0	1	0	0	1.25	3	0.25	0.75	1.5	
27	4	6	11	0	0	1	0	0	0.5	2	0.25	0.5		
28	5	6	11	0	0	1	0	0	0.5	2	0.25	0.5		
29	6	6	11	0	0	1	0	0	0.5	2	0.25	0.5		
30	12	6	0	0	0	1	0	0	0.5	2	0.25	0.5		
31	13	6	0	0	0	1	0	0	0.5	2	0.25	0.5		
32	4	7	11	0	0	1	0	0	1.25	3	0.25	0.75	1.5	
33	5	7	11	0	0	1	0	0	1.25	3	0.25	0.75	1.5	
34	6	7	11	0	0	1	0	0	1.25	3	0.25	0.75	1.5	
35	12	7	0	0	0	1	0	0	1.25	3	0.25	0.75	1.5	
36	13	7	0	0	0	1	0	0	1.25	3	0.25	0.75	1.5	
37	7	1	8	0	1	1	0	0	2	3	0.25	1	2.5	
38	8	1	3	0	2	1	0	0	2	3	0.25	1	2.5	
39	9	1	4	0	0	1	0	0	2	3	0.25	1	2.5	
40	10	1	2	0	0	1	0	0	2	3	0.25	1	2.5	
41	11	1	1	0	0	1	0	0	2	3	0.25	1	2.5	
42	7	2	8	0	3	1	0	0.75	1.25	3	0.25	0.75	1.5	
43	8	2	3	0	4	1	0	0.75	1.25	3	0.25	0.75	1.5	
44	9	2	4	0	0	1	0	0.75	1.25	3	0.25	0.75	1.5	
45	10	2	2	0	0	1	0	0.75	1.25	3	0.25	0.75	1.5	
46	11	2	1	0	0	1	0	0.75	1.25	3	0.25	0.75	1.5	
47	7	3	8	0	5	1	0	0.75	1.25	3	0.25	0.75	1.5	
48	8	3	3	0	6	1	0	0.75	1.25	3	0.25	0.75	1.5	
49	9	3	4	0	0	1	0	0.75	1.25	3	0.25	0.75	1.5	
50	10	3	2	0	0	1	0	0.75	1.25	3	0.25	0.75	1.5	
51	11	3	1	0	0	1	0	0.75	1.25	3	0.25	0.75	1.5	
52	7	4	8	0	7	1	0	0.75	1.25	3	0.25	0.75	1.5	
53	8	4	3	0	8	1	0	0.75	1.25	3	0.25	0.75	1.5	
54	9	4	4	0	0	1	0	0.75	1.25	3	0.25	0.75	1.5	
55	10	4	2	0	0	1	0	0.75	1.25	3	0.25	0.75	1.5	
56	11	4	1	0	0	1	0	0.75	1.25	3	0.25	0.75	1.5	
57	7	7	8	0	9	1	0	0.75	1.25	3	0.25	0.75	1.5	
58	8	7	3	0	10	1	0	0.75	1.25	3	0.25	0.75	1.5	
59	9	7	4	0	0	1	0	0.75	1.25	3	0.25	0.75	1.5	
60	10	7	2	0	0	1	0	0.75	1.25	3	0.25	0.75	1.5	
61	7	1	9	0	1	1	0	0	2	3	0.25	1	2.5	
62	7	2	9	0	3	1	0	0.75	1.25	3	0.25	0.75	1.5	
63	7	3	9	0	5	1	0	0.75	1.25	3	0.25	0.75	1.5	
64	7	4	9	0	7	1	0	0.75	1.25	3	0.25	0.75	1.5	
65	7	7	9	0	9	1	0	0.75	1.25	3	0.25	0.75	1.5	
66	8	8	5	0	0	1	0	0.75	1.25	3	0.25	0.75	1.5	
67	8	1	6	0	0	1	0	0	2	3	0.25	1	2.5	
68	8	2	6	0	0	1	0	0.75	1.25	3	0.25	0.75	1.5	
69	8	3	6	0	0	1	0	0.75	1.25	3	0.25	0.75	1.5	
70	8	4	6	0	0	1	0	0.75	1.25	3	0.25	0.75	1.5	
71	8	1	7	0	2	1	0	0	2	3	0.25	1	2.5	
72	8	2	7	0	4	1	0	0.75	1.25	3	0.25	0.75	1.5	
73	8	3	7	0	6	1	0	0.75	1.25	3	0.25	0.75	1.5	
74	8	4	7	0	8	1	0	0.75	1.25	3	0.25	0.75	1.5	
75	8	7	7	0	10	1	0	0.75	1.25	3	0.25	0.75	1.5	